legendre_roots = cell(1, 11);

legendre_roots{1} = 0;

legendre_roots{2} = [
	-0.5773502691896257645091487805019574556476017512701268760186023264839776723029333456937153955857495252252087138051355676766566483649996508262705518373647912161760310773007685273559916067003615583077550051041144223011076288835574182229739459904090157105534559538626730166621791266197964892168,
	0.5773502691896257645091487805019574556476017512701268760186023264839776723029333456937153955857495252252087138051355676766566483649996508262705518373647912161760310773007685273559916067003615583077550051041144223011076288835574182229739459904090157105534559538626730166621791266197964892168
];

legendre_roots{3} = [
	 0,
	-0.774596669241483377035853079956479922166584341058318165317514753222696618387395806703857475371734703583260441372189929402637908087832729923135978349224240702213750958202698716256783906245777858513169283405612501838634682531972963691092925710263188052523534528101729260090115562126394576188,
	0.774596669241483377035853079956479922166584341058318165317514753222696618387395806703857475371734703583260441372189929402637908087832729923135978349224240702213750958202698716256783906245777858513169283405612501838634682531972963691092925710263188052523534528101729260090115562126394576188
];

legendre_roots{4} = [
	-0.3399810435848562648026657591032446872005758697709143525929539768210200304632370344778752804355548115489602395207464932135845003241712491992776363684338328221538611182352836311104158340621521124125023821932864240034767086752629560943410821534146791671405442668508151756169732898924953195536,
	0.3399810435848562648026657591032446872005758697709143525929539768210200304632370344778752804355548115489602395207464932135845003241712491992776363684338328221538611182352836311104158340621521124125023821932864240034767086752629560943410821534146791671405442668508151756169732898924953195536,
	-0.8611363115940525752239464888928095050957253796297176376157219209065294714950488657041623398844793052105769209319781763249637438391157919764084938458618855762872931327441369944290122598469710261906458681564745219362114916066097678053187180580268539141223471780870198639372247416951073770551,
	0.8611363115940525752239464888928095050957253796297176376157219209065294714950488657041623398844793052105769209319781763249637438391157919764084938458618855762872931327441369944290122598469710261906458681564745219362114916066097678053187180580268539141223471780870198639372247416951073770551
];

legendre_roots{5} = [
	0,
	-0.5384693101056830910363144207002088049672866069055599562022316270594711853677552910358036672505709315713670572321043495510816912158744046420683486075627481533978123828583369317846132387526796166796502053799563629878671716361660767584852200097418079241406256057571019602720019270523093750336,
	0.5384693101056830910363144207002088049672866069055599562022316270594711853677552910358036672505709315713670572321043495510816912158744046420683486075627481533978123828583369317846132387526796166796502053799563629878671716361660767584852200097418079241406256057571019602720019270523093750336,
	-0.9061798459386639927976268782993929651256519107625308628737622865437707949166868469411429895535422619115836248167051160932020660084349721915374869570125418659061700540273012086530604091207821562942704193786707298217315368769002376029537907738935528847397895557648103916797868140600953498906,
	0.9061798459386639927976268782993929651256519107625308628737622865437707949166868469411429895535422619115836248167051160932020660084349721915374869570125418659061700540273012086530604091207821562942704193786707298217315368769002376029537907738935528847397895557648103916797868140600953498906
];

legendre_roots{6} = [
	0.6612093864662645136613995950199053470064485643951700708145267058521834966071431009442864037464614564298883716392751466795573467722253804381723198010093367423918538864300079016299442625145884902455718821970386303223620117352321357022187936189069743012315558710642131016398967690135661651261150514997832,
	-0.6612093864662645136613995950199053470064485643951700708145267058521834966071431009442864037464614564298883716392751466795573467722253804381723198010093367423918538864300079016299442625145884902455718821970386303223620117352321357022187936189069743012315558710642131016398967690135661651261150514997832,
	-0.2386191860831969086305017216807119354186106301400213501813951645742749342756398422492244272573491316090722230970106872029554530350772051352628872175189982985139866216812636229030578298770859440976999298617585739469216136216592222334626416400139367778945327871453246721518889993399000945408150514997832,
	0.2386191860831969086305017216807119354186106301400213501813951645742749342756398422492244272573491316090722230970106872029554530350772051352628872175189982985139866216812636229030578298770859440976999298617585739469216136216592222334626416400139367778945327871453246721518889993399000945406150514997832,
	-0.9324695142031520278123015544939946091347657377122898248725496165266135008442001962762887399219259850478636797265728341065879713795116384041921786180750210169211578452038930846310372961174632524612619760497437974074226320896716211721783852305051047442772222093863676553669179038880252326771150514997832,
	0.9324695142031520278123015544939946091347657377122898248725496165266135008442001962762887399219259850478636797265728341065879713795116384041921786180750210169211578452038930846310372961174632524612619760497437974074226320896716211721783852305051047442772222093863676553669179038880252326771150514997832
];

legendre_roots{7} = [
	0,
	0.4058451513773971669066064120769614633473820140993701263870432517946638132261256553283126897277465877652867586660480186780142389774087899602458293459431152403705864850136028192946798646997494188869169765542654505357384603100658598476270710450994883480024599267113885472679490162043321422574150514997832,
	-0.4058451513773971669066064120769614633473820140993701263870432517946638132261256553283126897277465877652867586660480186780142389774087899602458293459431152403705864850136028192946798646997494188869169765542654505357384603100658598476270710450994883480024599267113885472679490162043321422574150514997832,
	-0.7415311855993944398638647732807884070741476471413902601199553519674298746721805137928268323668632470596925180931120142436000543982298353471703857152740498332960747607976107150698769026932844561958151246095962171815950287169821619140709720118875391555834601955414971467103462901278094572097150514997832,
	0.7415311855993944398638647732807884070741476471413902601199553519674298746721805137928268323668632470596925180931120142436000543982298353471703857152740498332960747607976107150698769026932844561958151246095962171815950287169821619140709720118875391555834601955414971467103462901278094572093150514997832,
	-0.949107912342758524526189684047851262400770937670617783548769103913063330354840140805730770027925724144300739666995216194195625811353553118277789915859810085013901000179888247732305040104815148851112904940437420579459979108498442397952261081440138823188704950068274774322776063669713039873415051499783203,
	0.949107912342758524526189684047851262400770937670617783548769103913063330354840140805730770027925724144300739666995216194195625811353553118277789915859810085013901000179888247732305040104815148851112904940437420579459979108498442397952261081440138823188704950068274774322776063669713039873415051499783203
];

