

quadrature_weights = cell(1, 11);

quadrature_weights{1} = 2;

quadrature_weights{2} = [
	1.000000000000000000000000000000000000000000000000000000000000000000000000000000000000000000000000000000000000000000000000000000000000000000000000000000000000000000000000000000000000000000000000000000000000000000000000000000000000000000000000000000000000000000000000000000000000000000000000,
	1.000000000000000000000000000000000000000000000000000000000000000000000000000000000000000000000000000000000000000000000000000000000000000000000000000000000000000000000000000000000000000000000000000000000000000000000000000000000000000000000000000000000000000000000000000000000000000000000000
];

quadrature_weights{3} = [
	0.8888888888888888888888888888888888888888888888888888888888888888888888888888888888888888888888888888888888888888888888888888888888888888888888888888888888888888888888888888888888888888888888888888888888888888888888888888888888888888888888888888888888888888888888888888888888888888888888889,
	0.5555555555555555555555555555555555555555555555555555555555555555555555555555555555555555555555555555555555555555555555555555555555555555555555555555555555555555555555555555555555555555555555555555555555555555555555555555555555555555555555555555555555555555555555555555555555555555555555556,
	0.5555555555555555555555555555555555555555555555555555555555555555555555555555555555555555555555555555555555555555555555555555555555555555555555555555555555555555555555555555555555555555555555555555555555555555555555555555555555555555555555555555555555555555555555555555555555555555555555556
];

quadrature_weights{4} = [
	0.6521451548625461426269360507780005927646513041661064595074706804812481325340896482780162322677418404902018960952364978455755577496740182191429757016783303751407135229556360801973666260481564013273531860737119707353160256000107787211587578617532049337456560923057986412084590467808124974086,
	0.6521451548625461426269360507780005927646513041661064595074706804812481325340896482780162322677418404902018960952364978455755577496740182191429757016783303751407135229556360801973666260481564013273531860737119707353160256000107787211587578617532049337456560923057986412084590467808124974086,
	0.3478548451374538573730639492219994072353486958338935404925293195187518674659103517219837677322581595097981039047635021544244422503259817808570242983216696248592864770443639198026333739518435986726468139262880292646839743999892212788412421382467950662543439076942013587915409532191875025701,
	0.3478548451374538573730639492219994072353486958338935404925293195187518674659103517219837677322581595097981039047635021544244422503259817808570242983216696248592864770443639198026333739518435986726468139262880292646839743999892212788412421382467950662543439076942013587915409532191875025701
];

quadrature_weights{5} = [
	0.5688888888888888888888888888888888888888888888888888888888888888888888888888888888888888888888888888888888888888888888888888888888888888888888888888888888888888888888888888888888888888888888888888888888888888888888888888888888888888888888888888888888888888888888888888888888888888888888889,
	0.4786286704993664680412915148356381929122955533431415399727276673338382671525124569755621250616041107794464209474122299742927901670531874220236019762755381069981020199559708433435017355341690324695622104863536721598859262913644828482640505637133513606531929893286127565185389732581634388813,
	0.4786286704993664680412915148356381929122955533431415399727276673338382671525124569755621250616041107794464209474122299742927901670531874220236019762755381069981020199559708433435017355341690324695622104863536721598859262913644828482640505637133513606531929893286127565185389732581634388813,
	0.2369268850561890875142640407199173626432600022124140155828278882217172884030430985799934304939514447761091346081433255812627653885023681335319535792800174485574535355995847122120538200213865230859933450692018833956696292641910727072915049918422041949023625662269427990370165822973921166843,
	0.2369268850561890875142640407199173626432600022124140155828278882217172884030430985799934304939514447761091346081433255812627653885023681335319535792800174485574535355995847122120538200213865230859933450692018833956696292641910727072915049918422041949023625662269427990370165822973921166843
];

quadrature_weights{6} = [
	0.3607615730481386075698335138377161116615218927467454822897392402371400378372617183209622019888193479431172091403707985898798902783643210707767872114085818922114502722525757771126000732368828591631602895111800517408136855470744824724861011832599314498172164024255867775267681999309503106873150514997832,
	0.3607615730481386075698335138377161116615218927467454822897392402371400378372617183209622019888193479431172091403707985898798902783643210707767872114085818922114502722525757771126000732368828591631602895111800517408136855470744824724861011832599314498172164024255867775267681999309503106873150514997832,
	0.4679139345726910473898703439895509948116556057692105353116253199639142016203981270311100925847919823047662687897547971009283625541735029545935635592733866593364825926382559018030281273563502536241704619318259000997569870959005334740800746343768244318081732063691741034162617653462927888917150514997832,
	0.4679139345726910473898703439895509948116556057692105353116253199639142016203981270311100925847919823047662687897547971009283625541735029545935635592733866593364825926382559018030281273563502536241704619318259000997569870959005334740800746343768244318081732063691741034162617653462927888917150514997832,
	0.1713244923791703450402961421727328935268225014840439823986354397989457605423401546479277054263886697521165220698744043091917471674621759746296492293180314484520671351091683210843717994067668872126692485569940481594293273570249840534338241823632441183746103912052391190442197035702977497812150514997832,
	0.1713244923791703450402961421727328935268225014840439823986354397989457605423401546479277054263886697521165220698744043091917471674621759746296492293180314484520671351091683210843717994067668872126692485569940481594293273570249840534338241823632441183746103912052391190442197035702977497812150514997832
];

